              precision    recall  f1-score   support

         1.1      0.748     0.801     0.773       976
        1.10      0.972     0.887     0.928       159
        1.11      0.971     0.943     0.957       105
        1.12      1.000     0.143     0.250         7
        1.13      0.622     0.411     0.495       124
        1.14      0.882     0.896     0.889       624
        1.15      1.000     0.052     0.099       154
        1.16      1.000     0.091     0.167        33
        1.17      1.000     0.769     0.869       372
        1.18      0.500     0.021     0.040       144
         1.2      0.426     0.486     0.454       249
        1.21      0.000     0.000     0.000        20
         1.3      0.520     0.736     0.610       261
         1.4      0.906     0.815     0.858       271
         1.5      0.936     0.355     0.515       124
         1.6      0.941     0.895     0.917       124
         1.7      0.943     0.641     0.763       103
         1.8      0.463     0.443     0.453       140
         1.9      0.000     0.000     0.000         1
        1.97      0.000     0.000     0.000        24
         2.1      0.871     0.658     0.750      2275
         2.2      0.226     0.057     0.091       210
         2.3      0.810     0.660     0.727      1556
         2.4      0.794     0.897     0.843      1515
         2.5      0.764     0.802     0.783       582
         2.6      0.234     0.544     0.327       574
         2.7      0.615     0.893     0.728      2401
         2.8      0.854     0.419     0.563       503
         2.9      0.000     0.000     0.000         0
         3.1      0.641     0.815     0.717      2858
        3.13      0.000     0.000     0.000         4
         3.2      0.805     0.377     0.514      1403
         3.4      0.849     0.873     0.861      1836
         3.5      0.606     0.775     0.680       841
         3.6      0.727     0.742     0.734      1215
         3.7      0.043     0.167     0.069         6
         4.1      0.411     0.656     0.505      1231
         4.2      0.189     0.281     0.226       693
         4.3      0.252     0.060     0.097       617
         4.4      0.000     0.000     0.000        51
         4.6      1.000     0.030     0.059       296
        4.98      0.767     0.940     0.845        84
        4.99      0.000     0.000     0.000        46
         5.1      0.852     0.383     0.529       300
         5.2      0.963     0.806     0.878        98
         5.3      0.255     0.269     0.262       475
         5.4      0.994     0.620     0.764      1646
         5.5      0.375     0.143     0.207        21
         5.6      0.597     0.500     0.544       184
         6.1      0.689     0.969     0.805      1155
         6.2      0.986     0.816     0.893        87
         6.3      0.848     0.790     0.818      1145
         6.5      1.000     0.386     0.557       726
         7.1      0.932     0.899     0.916       874
         7.2      0.276     0.557     0.369        97
         7.3      0.881     0.456     0.601       114
         7.4      0.000     0.000     0.000        26
         7.5      0.650     0.140     0.230        93
         7.6      0.677     0.575     0.622       146

    accuracy                          0.679     31999
   macro avg      0.615     0.480     0.494     31999
weighted avg      0.721     0.679     0.670     31999
